# 用户id，账单时间戳、银行id、上期账单金额、上期还款金额、信用卡额度、本期账余额、本期账单最低还款额、
#消费笔数,本期账单金额、调整金额，循环利息、可用余额、预借金额额度、还款状态
['userid', 'tm_encode_3', 'bank_id', 'prior_account', 'prior_repay', 'credit_limit', 'account_balance','minimun_repay', 
'consume_count', 'account', 'adjust_account', 'circulated_interest', 'avaliable_balance', 'cash_limit', 'repay_state']

1月31号：
household 'marriage','avgMon_modern',min_prior_repay','occupation','count_prior_repay','min_cash_limit','browse_tag_all_count','browse_tag_all_max','count_account_balance'
这几个属性重要性偏低

time_stamp=0 datetime='1970-01-01'

银行卡value_counts():
7     123571
14     81332
6      77808
16     66286
10     65323
11     59955
3      59495
4      57810
2      42822
8      35152
9      27789
15     26564
13     24334
5      13470
1         13
银行卡分类
0 7
1 14，6
2 16，10
3 11，3，4
4 2，8
5 9，15，13，5
6 1
银行卡类别与逾期关系统计（结论：关系不大，除了银行卡1，5的比例稍大）
1          2231.0    361.0  0.139275
2         72458.0   7323.0  0.091789
3        105828.0  10555.0  0.090692
4        123116.0  11803.0  0.087482
5         20983.0   2452.0  0.104630
6        121842.0  11127.0  0.083681
7        217722.0  20438.0  0.085816
8         68777.0   5633.0  0.075702
9         47152.0   4834.0  0.092987
10       102900.0  10704.0  0.094222
11        65031.0   5810.0  0.082015
12         1064.0    100.0  0.085911
13        44803.0   3775.0  0.077710
14       154764.0  12754.0  0.076135
15        47135.0   4156.0  0.081028
16       125486.0  11408.0  0.083335
510014      189.0     17.0  0.082524
信用卡时间
2157-04      1152
2157-05      3995
2157-06      5417
2157-07      8892
2157-08     25279
2157-09     66857
2157-10    142906
2157-11    172627
2157-12    164000
2158-01    100380
2158-02     52605
2158-03     17589
2158-06        12
2158-08        13



1     13358095
4      4278938
7      2987662
5      2436857
6      2178955
10     1960484
8       957307
3       220375
9        14642
11        1358
2          929

118    2064706
173    1922739
45     1816805
38     1777994
50     1765227
139    1741022
164    1736538
82     1529603
120    1411314
190    1384997
101    1358909
110    1177989
189    1043003
44      606402
167     525537
35      416019
201     353286
41      324393
213     320252
53      309942
31      299309
188     295170
23      291015
104     284464
80      239334
90      228783
155     215953
161     179896
28      171931
163     134749……